# Created by Octave 6.4.0, Fri May 12 17:30:45 2023 CEST <scalinon@yoga02>
# name: x0
# type: matrix
# rows: 1600
# columns: 1
 0.26861498055439925
 0.25262881791961533
 0.23756213046202268
 0.22351306191127973
 0.21058608548794999
 0.19889030819890374
 0.1885369309931324
 0.17963579903369925
 0.17229109237557094
 0.16659637124265703
 0.16262937794147286
 0.16044716183652025
 0.16008217339606401
 0.16153991634549997
 0.16479854031566049
 0.16981044240747106
 0.17650561217945987
 0.18479619681527221
 0.19458164498138153
 0.20575381750610283
 0.21820159095487196
 0.23181466548212992
 0.24648646604969893
 0.2621161626663816
 0.2786099201033152
 0.2958815260089343
 0.31385255126781691
 0.33245218136823046
 0.35161683334990507
 0.37128964686751892
 0.39141991409902605
 0.41193936781389523
 0.43201615343701166
 0.45137196962226839
 0.47016327765998533
 0.48853257621514212
 0.50660660792271062
 0.52449568810415759
 0.54229390237772579
 0.56007993004649204
 0.24921701184882261
 0.23251447437709366
 0.21672117986592598
 0.2019443211986614
 0.18829995793291487
 0.17591142801117615
 0.16490665995559378
 0.15541421418162293
 0.14755802565410742
 0.14145105526659202
 0.13718835905262927
 0.13484038019687511
 0.13444744778816653
 0.13601642049979695
 0.13952010065800491
 0.1448995318175928
 0.15206874291395861
 0.16092109500260987
 0.17133623347392085
 0.18318674840756305
 0.19634390926513717
 0.21068215089023412
 0.22608225508689539
 0.24243335264408683
 0.2596339623610151
 0.2775923068594538
 0.2962261260542714
 0.31546217046275299
 0.33523551318028427
 0.35548877968182196
 0.37617136212005947
 0.39678401150131271
 0.416516359690283
 0.43553249811820921
 0.45400648147310774
 0.47209362746248285
 0.48992921622953156
 0.50762844777545946
 0.52528732104359521
 0.54298412691815912
 0.23047273068176805
 0.21301285533494757
 0.19644342581897128
 0.18088067090636861
 0.16645286935284898
 0.1532990940203986
 0.14156656541028739
 0.13140626392476851
 0.12296660713270952
 0.11638532088088732
 0.11178011098663365
 0.1092392735999434
 0.10881376824593031
 0.11051229117657985
 0.11430040864920071
 0.12010394432781907
 0.1278158749408696
 0.13730532895896519
 0.14842710344752319
 0.1610303758430775
 0.17496578848983552
 0.19009060125317273
 0.20627199783663042
 0.22338885159876337
 0.2413323322417244
 0.26000571702704678
 0.27932370722202177
 0.29921147553357086
 0.31960360150367989
 0.34044299651178062
 0.36153347035421035
 0.38175384394180056
 0.40106546046915664
 0.41968198233242737
 0.43779503020310406
 0.4555718149263811
 0.47315460385952529
 0.4906615622943325
 0.50818853038308531
 0.52581135338702067
 0.21247126491271873
 0.19421490482984854
 0.17681980095685312
 0.16041067962557054
 0.14512820512820512
 0.13112840765134398
 0.11858043116968175
 0.10766196431579494
 0.098551841127959061
 0.091419703841353561
 0.086413355353617882
 0.083645378694419847
 0.083181418840169219
 0.085032727050437684
 0.089154836368224633
 0.095452716508594104
 0.10379108015431932
 0.11400741625349536
 0.12592517382815221
 0.13936514965369384
 0.15415408377694062
 0.1701303144895619
 0.1871468826482362
 0.20507269986534499
 0.22379240200834183
 0.24320540634749438
 0.26322455550536461
 0.28377460642584912
 0.30479072417554903
 0.32621504278261793
 0.34707414045382617
 0.36677830163996572
 0.38559086940388221
 0.40374978346108403
 0.42146341866577858
 0.43890910563930413
 0.45623372490852737
 0.47355575108581838
 0.49096818174210588
 0.50854188706457892
 0.19531410459105286
 0.17622611299580765
 0.1579579015793478
 0.14064138752960326
 0.12442899821832221
 0.1094942960114812
 0.096030721436455024
 0.084247394353195781
 0.074360891438305821
 0.066582333804980243
 0.061100185819247366
 0.058060841207317859
 0.057550796710588825
 0.059584961813540005
 0.064104555631027405
 0.07098524794208888
 0.080053061563796823
 0.091103683199171503
 0.1039209039287014
 0.11829137862876793
 0.13401468824860374
 0.15090902897199676
 0.16881351067195854
 0.18758816943519774
 0.20711263418116577
 0.22728413160984029
 0.24801527399528506
 0.26923189014858412
 0.29087103410529624
 0.31245281381139511
 0.33268438251329607
 0.35176960740104857
 0.37000561263227655
 0.38765418989952144
 0.40493856116606969
 0.42204328764744842
 0.4391164607070947
 0.45627333840881307
 0.47360071387259972
 0.49116146917402026
 0.17911589598749489
 0.15916807959743495
 0.13998452994932759
 0.12170199906103862
 0.10448283397708852
 0.088517487451657717
 0.074025198359499722
 0.061251224874365573
 0.050458619441609454
 0.041912715661424182
 0.035857856211364392
 0.032488750408280337
 0.031922474521194649
 0.034179362245079475
 0.039179509170074178
 0.046756207427514407
 0.056681395104964505
 0.068694949103809466
 0.082530595062931311
 0.097934595190247831
 0.11467671230579979
 0.13255490962522987
 0.15139582660576667
 0.17105284042559588
 0.19140301252251857
 0.21234372849280786
 0.23378947317200477
 0.25566894565483395
 0.27784150650781364
 0.29878973153682331
 0.31825868607379865
 0.33662085989448942
 0.35420763240267433
 0.3713028541228951
 0.38814119345988995
 0.4049101143759144
 0.42175426501555413
 0.43878116929511329
 0.45606734189695625
 0.47366421180722795
 0.1640046816787164
 0.14317962511683585
 0.12304802475558929
 0.10374779323229838
 0.085447616701106566
 0.068352168351664522
 0.052706064489132842
 0.03879436381954024
 0.026936259214387276
 0.017467946356026637
 0.010711826982358175
 0.0069337206934294848
 0.0062973094387243633
 0.0088313180419420934
 0.014423373960163716
 0.022843379075154768
 0.033785979662283222
 0.046916020880625242
 0.061904720920102296
 0.078452094093040492
 0.096297112644064931
 0.11521946895689589
 0.1350366735889858
 0.15559915084477538
 0.17678490403056946
 0.19849453712814319
 0.2206469454643265
 0.2431757368446637
 0.26508470523201283
 0.28510024124889705
 0.30366623339930099
 0.3212046216887775
 0.33807992021272687
 0.35459430287802635
 0.37098848356772846
 0.3874466848763421
 0.40410398037724571
 0.42105456651594497
 0.43835992011905384
 0.45605619966705896
 0.15012123381693626
 0.12841699892180075
 0.10731986005456579
 0.08696374680255553
 0.067517872236252552
 0.049195417984581269
 0.032262405729071575
 0.017044277228055543
 0.0039253192511652379
 -0.0066666666666667096
 -0.014298777290742276
 -0.018597037385007481
 -0.019323355225068228
 -0.016435326163760866
 -0.010097779407584884
 -0.00063941793046648487
 0.011521522243301718
 0.025949090400894159
 0.042238628062715805
 0.06004045606456998
 0.079065313227351441
 0.099079895170065768
 0.11989848817248688
 0.14137402679025746
 0.16339005763888964
 0.18585407372016061
 0.2086922103661118
 0.23152406326083894
 0.25233215017900068
 0.27122564251260212
 0.28874838776594347
 0.30537245164755872
 0.32149199042178545
 0.33742104662391981
 0.35339834002116383
 0.36959647037690224
 0.38613313563227236
 0.40308253438680874
 0.42048579042712575
 0.4383598219397527
 0.13761705058662438
 0.11505256649981382
 0.092994694254478705
 0.071566909722592609
 0.050930680553673058
 0.031297969774548046
 0.012946518150387776
 -0.0037638851924381711
 -0.018379708432655489
 -0.030358695315394008
 -0.039110787828919691
 -0.044091599575860146
 -0.044937288671826586
 -0.041581617361107936
 -0.034279609392061039
 -0.023520436989376087
 -0.0098901663526024808
 0.0060421945386648357
 0.023785494174721533
 0.042943271706765151
 0.063206845511277199
 0.084339899015694053
 0.10616243599168118
 0.12853709173290151
 0.15135840457873367
 0.17454473789356689
 0.19800733475381244
 0.21996189911989647
 0.23939423170951071
 0.25697002736510616
 0.27331717926654259
 0.2889560430585919
 0.30430342941680927
 0.31967501331017878
 0.33529605372369486
 0.35131648220473066
 0.36782705981830449
 0.38487439421006525
 0.40247367740641782
 0.42061880507054938
 0.12665056515483991
 0.10327122931014188
 0.080287726685348282
 0.05780594509328868
 0.035969331296027807
 0.014974579173893859
 -0.0049063341327083287
 -0.023297052588442613
 -0.039683908548853897
 -0.053393413775982279
