# Created by Octave 6.4.0, Fri May 12 17:34:20 2023 CEST <scalinon@yoga02>
# name: x0
# type: matrix
# rows: 1600
# columns: 1
 0.28284271247461901
 0.26533196554413391
 0.2492328795943152
 0.23483596188421149
 0.22247191757419349
 0.21249589082154527
 0.20525637021732823
 0.20104918752730933
 0.20000000000000001
 0.20000000000000001
 0.20000000000000001
 0.20000000000000001
 0.20000000000000001
 0.20000000000000001
 0.20000000000000001
 0.20000000000000001
 0.20026281220273476
 0.20319602826829694
 0.20925339244208374
 0.21809632193051001
 0.22840760588818765
 0.23935557427215484
 0.2504648183119717
 0.26140469141071904
 0.27197998188808187
 0.28210775828614415
 0.29178985032227539
 0.30108654209092528
 0.31009411423461308
 0.31892707163151884
 0.32770493653846899
 0.3366330370342055
 0.34646674556693696
 0.35730755959015253
 0.3690979285975225
 0.38178012434552772
 0.39529715119833403
 0.40959347745694746
 0.42461559513280106
 0.44031242374328489
 0.26533196554413391
 0.24658082625992422
 0.2291682356051726
 0.21342207227369034
 0.19973684199128661
 0.18856180831641267
 0.18036415789814333
 0.1755614642935763
 0.17435897435897435
 0.17435897435897435
 0.17435897435897435
 0.17435897435897435
 0.17435897435897435
 0.17435897435897435
 0.17435897435897435
 0.17435897435897435
 0.17466037298386053
 0.17801594828420286
 0.18490006540840967
 0.19480426431801276
 0.20606701349610071
 0.21773957920233916
 0.22928675912995716
 0.24037549833910993
 0.25084498519123782
 0.26066533309435835
 0.26989702458556908
 0.27865644244843524
 0.28708894514123784
 0.29534913973111176
 0.30364222401357094
 0.31282692303685949
 0.32310834495868773
 0.33442319610139443
 0.34670731556189088
 0.35989690983108297
 0.37392955559001334
 0.38874497391735924
 0.40428559327357899
 0.42049692711156766
 0.24923287959431523
 0.22916823560517263
 0.21031894004522955
 0.19304133563814063
 0.17779421357292016
 0.16514094551902175
 0.15571514308398954
 0.15012596070055845
 0.14871794871794874
 0.14871794871794874
 0.14871794871794874
 0.14871794871794874
 0.14871794871794874
 0.14871794871794874
 0.14871794871794874
 0.14871794871794874
 0.14907119849998599
 0.15298906554026973
 0.16094722898948943
 0.17215165525526469
 0.18448483540547916
 0.19687634599815659
 0.20875088530574731
 0.21980732139344519
 0.22995364000530491
 0.2392409870799615
 0.24780854572141267
 0.25584160797123195
 0.2635416026327202
 0.2711324781479324
 0.27956944310087306
 0.28920631019867127
 0.29997370082051622
 0.3118002671726296
 0.32461438203277887
 0.33834553084904623
 0.35292539797561823
 0.36828866367339902
 0.38437354422042996
 0.40112211529908276
 0.23483596188421149
 0.21342207227369034
 0.19304133563814066
 0.17405705383053477
 0.15697669605142531
 0.14248660501999802
 0.13144621146642355
 0.12477461600611732
 0.12307692307692308
 0.12307692307692308
 0.12307692307692308
 0.12307692307692308
 0.12307692307692308
 0.12307692307692308
 0.12307692307692308
 0.12307692307692308
 0.12350353414145943
 0.12820512820512822
 0.13760418323075627
 0.15040489384187478
 0.16390035997133048
 0.17692449308031763
 0.18891506330823446
 0.19966110066801507
 0.20918618924468485
 0.21765479794514914
 0.22530462750843874
 0.23240031430205144
 0.23921063614851462
 0.24677969661165783
 0.25566779137291956
 0.26579941957541298
 0.27709536452449007
 0.28947502369024719
 0.30285836492418766
 0.31716747376815418
 0.33232770082449098
 0.34826844756769521
 0.36492364486126788
 0.38223198369742334
 0.22247191757419346
 0.19973684199128661
 0.17779421357292019
 0.15697669605142534
 0.13779516761584007
 0.1210299868841636
 0.10781433867501868
 0.099571732507423627
 0.097435897435897478
 0.097435897435897478
 0.097435897435897478
 0.097435897435897478
 0.097435897435897478
 0.097435897435897478
 0.097435897435897478
 0.097435897435897478
 0.09797422140791183
 0.10383823964777741
 0.1152420772012525
 0.12996923436099744
 0.14462204962460726
 0.15804017583880445
 0.16978318539334147
 0.17981488572984594
 0.18832860424583961
 0.1956327779179525
 0.20207852985340294
 0.20801470884007206
 0.21456868265273416
 0.22257934998630202
 0.23196567667479678
 0.24264015747244638
 0.25451204228402635
 0.26749011598857203
 0.28148493736010893
 0.29641052129681428
 0.31218550428094832
 0.32873386531291066
 0.34598528757996799
 0.36387524557359069
 0.21249589082154524
 0.18856180831641264
 0.16514094551902175
 0.14248660501999799
 0.12102998688416357
 0.10153328140114531
 0.085350343472273021
 0.074667793736210464
 0.071794871794871817
 0.071794871794871817
 0.071794871794871817
 0.071794871794871817
 0.071794871794871817
 0.071794871794871817
 0.071794871794871817
 0.071794871794871817
 0.072523772429389524
 0.080269106884607866
 0.094559430331209116
 0.11144842887845022
 0.12700667214844596
 0.14032032340030773
 0.15124386109448906
 0.16001168683553676
 0.1670330362028643
 0.17277909727473428
 0.17771849499866063
 0.18308241509123957
 0.19005554317136858
 0.19855920658935167
 0.20849783346720829
 0.21976951191042937
 0.23226997432563434
 0.24589588770171061
 0.2605473689284914
 0.27612975098859649
 0.29255469231123693
 0.30974075219764324
 0.32761355969693234
 0.34610569187014079
 0.2052563702173282
 0.18036415789814331
 0.15571514308398951
 0.13144621146642352
 0.10781433867501865
 0.085350343472273021
 0.065271395186450532
 0.050506963086133859
 0.046153846153846156
 0.046153846153846156
 0.046153846153846156
 0.046153846153846156
 0.046153846153846156
 0.046153846153846156
 0.046153846153846156
 0.046153846153846156
 0.047279715165604558
 0.058470534620468625
 0.076880970398318399
 0.095655711991063305
 0.11135536868256357
 0.12368708361646723
 0.13297878569388985
 0.13979572828916231
 0.14477665490959499
 0.14855136853323067
 0.15251514811642497
 0.1582501852983082
 0.16569712231961409
 0.17475391882042929
 0.1853070703497906
 0.19723733666871685
 0.21042464499298769
 0.2247519289931853
 0.24010787034668146
 0.25638864829287583
 0.27349887373884291
 0.29135190339018174
 0.30986971560409798
 0.32898249990628298
 0.2010491875273093
 0.17556146429357627
 0.15012596070055842
 0.12477461600611729
 0.099571732507423572
 0.074667793736210436
 0.050506963086133845
 0.029009508971755773
 0.020512820512820495
 0.020512820512820495
 0.020512820512820495
 0.020512820512820495
 0.020512820512820495
 0.020512820512820495
 0.020512820512820495
 0.020512820512820495
 0.022934030538459362
 0.041344911529736156
 0.06424901866053806
 0.083367444518530717
 0.097649386488033868
 0.10770711563981157
 0.11435517268155651
 0.11845265020238877
 0.12083070345174526
 0.12312779412277153
 0.12737274253903291
 0.13354036962900767
 0.14152652631798557
 0.15120717899446728
 0.16244657726004441
 0.17510463146919208
 0.189042892395688
 0.2041289201349179
 0.22023912293725612
 0.23726031285331761
 0.25509028372174197
 0.27363770528869147
 0.29282158008369186
 0.31257045185328763
 0.19999999999999998
 0.17435897435897432
 0.14871794871794872
 0.12307692307692306
 0.097435897435897423
 0.07179487179487179
 0.046153846153846129
 0.020512820512820495
 -0.00512820512820511
 -0.00512820512820511
 -0.00512820512820511
 -0.00512820512820511
 -0.00512820512820511
 -0.00512820512820511
 -0.00512820512820511
 -0.00512820512820511
 0.010256410256410248
 0.035897435897435909
 0.058338598907213622
 0.074412620014346384
 0.085083825099800309
 0.091376706903155913
 0.094335180347113801
 0.09497971532582794
 0.095272859913413666
 0.097712073373718955
 0.10231410793305418
 0.10898233844361632
 0.11758664247203487
 0.12797467871023549
 0.13998298290554451
 0.15344644834468035
 0.16820548532230378
 0.18411078009767606
 0.20102596891586044
 0.21882871020789824
 0.23741064645909798
 0.25667667245981346
 0.27654382494584601
 0.29694001188364166
 0.19999999999999998
 0.17435897435897432
 0.14871794871794872
 0.12307692307692306
 0.097435897435897423
 0.07179487179487179
 0.046153846153846129
 0.020512820512820495
 -0.0051282051282051377
 -0.030769230769230715
 -0.030769230769230715
